code
021909
012120
019319
010372
021934
012125
019331
021957
012154
014939
019348
010378
022084
014948
010384
022150
012180
019368
010392
022252
010416
019416
012228
010422
019427
012429
019432
010491
015152
012569
019499
010500
012621
015170
012628
015198
010563
019599
012707
019671
012718
010647
012729
019703
012793
019786
012808
012809
012836
019821
010853
015389
019825
012851
001174
019830
015456
019863
012887
010988
012895
015486
012899
011022
019865
012901
015526
011036
012964
015576
019875
012970
015593
019889
012994
005312
015596
019917
013050
011114
015608
019919
013084
005438
011120
015631
013096
013116
013119
019924
005483
015642
011123
013122
019925
011126
013142
015683
015686
013167
011145
005538
013221
015690
020111
020137
011171
005542
015692
013277
013278
020180
018933
014461
018957
011147
009602
011161
009645
018986
011230
018994
009708
018998
011329
011400
014543
019000
011470
019004
009856
014559
011499
019018
014563
019034
014581
011584
011575
014592
011607
009939
019072
011611
019053
014612
009995
011613
011615
019092
014642
011644
019088
019093
014728
011668
014737
011709
019165
014755
011821
011682
019170
014777
010138
019190
011889
014808
011931
019237
014812
019239
011937
010238
011965
019281
010321
014855
011978
012081
015159
019571
012716
015491
012908
011043
021511
012536
015390
013642
009982
018359
014314
010812
011137

